0  0.78  0.78
0.78  0.22  1
1  1.27  2.27
2.27  0.47  2.74
2.74  0.56  3.3
3.3  0.4  3.7
3.7  0.61  4.31
4.31  0.26  4.57
4.57  0.15  4.72
4.72  0.62  5.34
5.34  0.54  5.88
5.88  0.25  6.13
6.13  0.52  6.65
6.65  1  7.65
7.65  0.23  7.88
7.88  0.17  8.05
8.05  0.07  8.12
8.12  0.46  8.58
8.58  0.22  8.8
8.8  0.77  9.57
9.57  0.46  10.03
10.03  0.23  10.26
10.26  0.38  10.64
10.64  0.48  11.12
11.12  0.41  11.53
11.53  0.28  11.81
11.81  0.47  12.28
12.28  0.4  12.68
12.68  0.19  12.87
12.87  0.42  13.29
13.29  0.49  13.78
13.78  0.51  14.29
14.29  0.14  14.43
14.43  0.39  14.82
14.82  0.81  15.63
15.63  0.31  15.94
15.94  0.28  16.22
16.22  0.48  16.7
16.7  0.99  17.69
17.69  0.2  17.89
17.89  0.32  18.21
18.21  0.17  18.38
18.38  0.46  18.84
18.84  0.59  19.43
19.43  0.86  20.29
20.29  0.99  21.28
21.28  0.17  21.45
21.45  0.21  21.66
21.66  0.31  21.97
21.97  0.21  22.18
22.18  0.44  22.62
22.62  0.18  22.8
22.8  0.09  22.89
22.89  0.64  23.53
23.53  0.97  24.5
24.5  0.48  24.98
24.98  0.21  25.19
25.19  0.47  25.66
25.66  0.39  26.05
26.05  0.47  26.52
26.52  0.55  27.07
27.07  0.19  27.26
27.26  0.39  27.65
27.65  0.55  28.2
28.2  0.63  28.83
28.83  0.33  29.16
29.16  0.47  29.63
29.63  0.19  29.82
29.82  0.08  29.9
29.9  0.56  30.46
30.46  0.98  31.44
31.44  0.19  31.63
31.63  0.49  32.12
32.12  0.48  32.6
32.6  0.9  33.5
33.5  0.52  34.02
34.02  0.28  34.3
34.3  0.46  34.76
34.76  0.54  35.3
35.3  0.71  36.01
36.01  0  36.01
